 XF =   0.000 - XG =   0.000
 YF =   0.000 - YG =   0.000
 ZF =  -0.070 - ZG =   0.060
 Displacement =  0.2532436E-02
 Waterplane area =  0.1762494E-01
