 XF =   0.000 - XG =   0.000
 YF =   0.000 - YG =   0.000
 ZF =  -0.069 - ZG =   0.060
 Displacement =  0.4388931E-02
 Waterplane area =  0.3137378E-01
