 XF =   0.000 - XG =   0.000
 YF =   0.000 - YG =   0.000
 ZF =  -0.060 - ZG =   0.060
 Displacement =  0.5882580E-02
 Waterplane area =  0.4902150E-01
