 XF =   0.000 - XG =   0.000
 YF =   0.000 - YG =   0.000
 ZF =  -0.067 - ZG =   0.060
 Displacement =  0.9600393E-02
 Waterplane area =  0.7059085E-01
