 XF =   0.000 - XG =   0.000
 YF =   0.000 - YG =   0.000
 ZF =  -0.067 - ZG =   0.060
 Displacement =  0.1298061E-01
 Waterplane area =  0.9608179E-01
