 XF =   0.000 - XG =   0.000
 YF =   0.000 - YG =   0.000
 ZF =  -0.068 - ZG =   0.060
 Displacement =  0.6745346E-02
 Waterplane area =  0.4902148E-01
